compute_fp_10.champsimtrace.xz 30003462 247195 975962
compute_fp_11.champsimtrace.xz 30005444 382575 29958655
compute_fp_12.champsimtrace.xz 30003724 670464 29750050
compute_fp_13.champsimtrace.xz 30003724 669613 29750374
compute_fp_1.champsimtrace.xz 30080045 4165616 24317026
compute_fp_2.champsimtrace.xz 30432954 1367147 27289492
compute_fp_3.champsimtrace.xz 30003722 1120718 14759525
compute_fp_4.champsimtrace.xz 30317319 4168935 23222160
compute_fp_5.champsimtrace.xz 30003722 1015381 29464991
compute_fp_6.champsimtrace.xz 33297820 2220069 29718778
compute_fp_7.champsimtrace.xz 30554254 4916970 18146526
compute_fp_8.champsimtrace.xz 30003724 247883 979465
compute_fp_9.champsimtrace.xz 30011613 3492218 9296934
compute_int_0.champsimtrace.xz 30065198 1095294 20328005
compute_int_10.champsimtrace.xz 30213771 2918020 23152875
compute_int_11.champsimtrace.xz 30085099 130296 30003753
compute_int_12.champsimtrace.xz 30903257 6218073 21128256
compute_int_13.champsimtrace.xz 30003722 3201116 22707391
compute_int_14.champsimtrace.xz 30664384 8719078 14605937
compute_int_15.champsimtrace.xz 30103044 1599362 20620034
compute_int_16.champsimtrace.xz 30729236 4217783 23015903
compute_int_17.champsimtrace.xz 30184750 2410604 15349211
compute_int_18.champsimtrace.xz 30761124 6871896 20254851
compute_int_19.champsimtrace.xz 30051781 4101964 21945828
compute_int_1.champsimtrace.xz 30461843 5592325 11145233
compute_int_21.champsimtrace.xz 30866913 6152476 12438145
compute_int_22.champsimtrace.xz 30003722 3723869 16793824
compute_int_23.champsimtrace.xz 31268072 4849822 24699014
compute_int_24.champsimtrace.xz 30311546 8217614 9058340
compute_int_25.champsimtrace.xz 34162839 7900758 7863392
compute_int_26.champsimtrace.xz 31075955 6251381 23357871
compute_int_27.champsimtrace.xz 30777282 7779144 18339170
compute_int_28.champsimtrace.xz 35390410 11534317 15533116
compute_int_29.champsimtrace.xz 30286717 4764031 21864089
compute_int_2.champsimtrace.xz 30060375 6259505 14641516
compute_int_31.champsimtrace.xz 30270473 7467978 17419818
compute_int_32.champsimtrace.xz 30756812 6730744 19950357
compute_int_33.champsimtrace.xz 30173334 1689382 23963101
compute_int_34.champsimtrace.xz 30458365 3828567 13496840
compute_int_35.champsimtrace.xz 30063105 1584354 22755813
compute_int_36.champsimtrace.xz 31128021 7204643 17831852
compute_int_37.champsimtrace.xz 30016756 5240105 23050248
compute_int_38.champsimtrace.xz 31078123 6252530 20335119
compute_int_39.champsimtrace.xz 30362655 3556974 18733062
compute_int_3.champsimtrace.xz 30285523 6571622 20094088
compute_int_40.champsimtrace.xz 30382731 3341603 18068643
compute_int_41.champsimtrace.xz 30140088 4230539 20121264
compute_int_42.champsimtrace.xz 30629428 5864427 19698862
compute_int_43.champsimtrace.xz 30161794 4340683 19794034
compute_int_44.champsimtrace.xz 30177973 5048612 16850683
compute_int_45.champsimtrace.xz 36002652 3000906 35999910
compute_int_46.champsimtrace.xz 30277943 5136178 17106783
compute_int_4.champsimtrace.xz 30201819 2196685 17483896
compute_int_5.champsimtrace.xz 30057401 4770412 12469743
compute_int_6.champsimtrace.xz 30416021 5823085 19310755
compute_int_7.champsimtrace.xz 30748115 3967065 9825139
compute_int_8.champsimtrace.xz 30059522 987901 20561968
compute_int_9.champsimtrace.xz 30436008 5730492 18701933
srv_0.champsimtrace.xz 30851500 5573406 14653834
srv_10.champsimtrace.xz 30868320 5558706 14819194
srv_11.champsimtrace.xz 30819457 6828239 15737330
srv_12.champsimtrace.xz 31157513 5512094 19243979
srv_13.champsimtrace.xz 31147173 5491632 19191709
srv_14.champsimtrace.xz 31258850 5610583 19575572
srv_15.champsimtrace.xz 31253088 5638818 19592529
srv_16.champsimtrace.xz 31343386 5564379 19848422
srv_17.champsimtrace.xz 31349479 5565750 19845111
srv_18.champsimtrace.xz 31225560 5653466 19504417
srv_19.champsimtrace.xz 31266732 5616755 19594677
srv_1.champsimtrace.xz 30817620 6852061 15912905
srv_20.champsimtrace.xz 31212074 5482932 19376758
srv_21.champsimtrace.xz 31209217 5485208 19366654
srv_22.champsimtrace.xz 31145510 5502116 19193703
srv_23.champsimtrace.xz 31265260 5625276 19618796
srv_24.champsimtrace.xz 31344647 5564146 19844544
srv_25.champsimtrace.xz 31267382 5612658 19632767
srv_26.champsimtrace.xz 31213482 5489996 19385483
srv_27.champsimtrace.xz 31815644 5816360 17111936
srv_28.champsimtrace.xz 31825222 5809303 17163012
srv_29.champsimtrace.xz 31825452 5805469 17174677
srv_2.champsimtrace.xz 30835981 5504870 14506329
srv_30.champsimtrace.xz 31819453 5809897 17147321
srv_31.champsimtrace.xz 31817838 5812373 17135074
srv_32.champsimtrace.xz 31435406 5396979 20060601
srv_33.champsimtrace.xz 32204011 4915968 22377689
srv_34.champsimtrace.xz 32206497 4919969 22384958
srv_35.champsimtrace.xz 32207635 4924105 22382660
srv_36.champsimtrace.xz 32203150 4924437 22352881
srv_37.champsimtrace.xz 32202539 4929139 22358005
srv_38.champsimtrace.xz 32212344 4934279 22373657
srv_39.champsimtrace.xz 32210885 4917685 22403861
srv_3.champsimtrace.xz 30835658 5524857 14580583
srv_40.champsimtrace.xz 30569366 2302184 25667888
srv_41.champsimtrace.xz 30827067 5659292 20081258
srv_42.champsimtrace.xz 31092035 5524723 19284274
srv_43.champsimtrace.xz 31091469 5533125 19288762
srv_44.champsimtrace.xz 31152094 5352061 21783093
srv_45.champsimtrace.xz 31202688 5704887 21244709
srv_46.champsimtrace.xz 31179257 5464559 22486397
srv_47.champsimtrace.xz 31184851 5564383 22312851
srv_48.champsimtrace.xz 31030656 5379008 21592069
srv_49.champsimtrace.xz 31032528 5590718 20942846
srv_4.champsimtrace.xz 30851097 5525143 14529072
srv_50.champsimtrace.xz 30821885 5432734 19609618
srv_51.champsimtrace.xz 30834450 5510913 19182853
srv_52.champsimtrace.xz 31019721 5406768 21554923
srv_53.champsimtrace.xz 30934665 5969217 22911247
srv_54.champsimtrace.xz 30835400 5541444 19463057
srv_55.champsimtrace.xz 30891844 5602505 19654467
srv_56.champsimtrace.xz 31064123 5892506 20041270
srv_57.champsimtrace.xz 31060588 5891623 20076888
srv_58.champsimtrace.xz 31112712 6203043 21354463
srv_59.champsimtrace.xz 31101406 6167083 21152916
srv_5.champsimtrace.xz 30844905 5537818 14532839
srv_60.champsimtrace.xz 30868223 5546021 14820768
srv_61.champsimtrace.xz 30854321 5582079 14819650
srv_62.champsimtrace.xz 30835764 5524618 14601069
srv_63.champsimtrace.xz 30832645 5522146 14538796
srv_64.champsimtrace.xz 30844942 5533365 14489288
srv_65.champsimtrace.xz 30845564 5544018 14556427
srv_66.champsimtrace.xz 30848539 5522024 14605829
srv_67.champsimtrace.xz 30849073 5522913 14598613
srv_68.champsimtrace.xz 30809498 5423621 14221971
srv_69.champsimtrace.xz 30892751 5567131 15374262
srv_6.champsimtrace.xz 30847441 5511108 14517996
srv_70.champsimtrace.xz 31145510 5502116 19193703
srv_71.champsimtrace.xz 31267056 5617801 19630485
srv_72.champsimtrace.xz 31351105 5564972 19853531
srv_73.champsimtrace.xz 31257082 5629569 19594578
srv_74.champsimtrace.xz 31211766 5490216 19375126
srv_75.champsimtrace.xz 32212443 4916640 22392034
srv_76.champsimtrace.xz 32206019 4925395 22357836
srv_7.champsimtrace.xz 30839914 5540344 14719550
srv_8.champsimtrace.xz 30980935 5166088 14425778
srv_9.champsimtrace.xz 30610605 7276435 19175007
